Precipitation in hundredths of an inch.  ie.  45 = 0.45",  257 = 2.57" 
 Year  Jan.   Feb.   Mar.   Apr.   May    Jun.   Jul.   Aug.   Sep.   Oct.   Nov.   Dec. 
 1895 1733    445    571    220    383      9     47     18    220      7    286    703
 1896 1692    262    568    974    577     29     20     71     81    218   1005   1103
 1897  407   1092    923    174     72    172      3     14     66    295    558    623
 1898  218    947    103    150    360    124      5     16    150    189    420    306
 1899 1095    341   1034    128    244     75      4     35     77    615   1301    906
 1900  698    548    474    385    234    130      1     40     46    755    579    582
 1901  876    855    300    442    121      6      2     32    266    252    717    546
 1902  309   2259    580    591    319     22     22     33     19    501   1142    924
 1903 1355    357    915     97     61     56     14     16     16    172   1700    556
 1904  438   2133   1788    509     38     48     69      3    217    520    448    990
 1905  984    340    921    173    272     36      1      3     63     87    394    468
 1906 1487    819   1093    225    477    230      1      0     84     52    401   1135
 1907 1137   1004   1591    317    213    180     16     85     59    169    175   1353
 1908  735    753    196    137    258     60      9      2     28    383    478    495
 1909 2730   1405    412     15     60     34     32      3    149    412   1256    739
 1910  688    704    413    143     89     29      9      0     41    123    835    419
 1911 1470    429    637    368    196     39     26      0     67    142    238    497
 1912  845    469    635    594    333    149     21     29    320    257    805    567
 1913 1036     71    338    356    205    174     93     19     41     54    953   1357
 1914 1984    627    245    439    127    173     19      6    134    445    249    755
 1915 1235   1712    483    225    467      8     31      3      7     66    595    986
 1916 1685    641    532    139    130    114     78     40     37     85    462    743
 1917  504    893    331    411    130      4      2      9     60      0    592    428
 1918  316    824    597    177     41     11      5     38    243    199    582    402
 1919  976   1369    614    345     66     14      2      1    164     79    238    776
 1920  110    148    590    487     41    156     41     51    154    474   1468   1476
 1921 1150    573    423    117    267     29      0      3     48    226    585    704
 1922  263   1022    626    137    144     75      7     15     40    468    443   1268
 1923  480    156     46    636     95    145     21     25    232    243    193    389
 1924  368    454    186     48     18     23      3     74     45    926    645    871
 1925  416   1485    349    711    395     82     15     40    241     66    542    365
 1926  744   1012     20    496    154      0     11     39     25    394   1795    676
 1927  925   1492    470    443    143     90     11      3     49    212   1033    541
 1928  554    430    993    484     26     32      4      2     48    172    697    758
 1929  338    311    261    336     29    207      0      0      1     56      2   1441
 1930  733    682    311    357    115     16      6      3    153    101    414    265
 1931  754    280    481    151    120    197      0      0     37    398    526   1440
 1932  541    179    389    424    295     19     23      2      0     76    508    650
 1933  957    280    826     74    468     55      3      4     58    310     20   1247
 1934  463    515    353    225    213    101      1      7     75    541    988    525
 1935  902    433    561    716     30      7     36     26     85    338    258    729
 1936 1526   1087    213    293    236    204     37      4     12     20      4    484
 1937  604   1049    860    495    117    279      9      3     25    413   1534    970
 1938  851   1654   1498    343     59     13     26      1     99    384    480    524
 1939  605    413    486     32    268     44     25      8     52    139     65   1299
 1940 1145   1756    871    196    235     48      2      4    204    411    316   1660
 1941 1395   1049    624    627    398    162     25     35     77    229    530   1715
 1942  793    951    226    653    544     31      5      5     30    132   1115   1116
 1943 1204    346    541    433    166    116     13     13      6    458    321    267
 1944  659    577    332    402    212    184     53     16     32    284   1060    663
 1945  379    845    715    165    459     36      8      7     30    632   1056   1606
 1946  521    544    395     58    102     32     55      3     44    194    805    381
 1947  332    404    826    143     72    254     56     28     26    794    186    286
 1948  827    486    618   1017    284    162     47     23    190    192    421    885
 1949  165    703    969     55    259     31     11      6     40    127    370    341
 1950 1414    565    811    237    149    124      1      8     75   1223    627   1015
 1951 1104    744    280    241    224      1      3     21     38    482    950   1532
 1952 1270    710    552    162    148    233     43      9     29     46    357   1844
 1953 1534    241    675    474    479    163      0     84     17    289    946    394
 1954 1662    599    620    486     13    195      5    114     64    154    645    920
 1955  486    231    204    551     10     19     18      4    110    171    846   2291
 1956 1706   1094    193    142    241     78     30     10     39    699     54    316
 1957  668    866    960    290    516     10     30      4    298    759    530    979
 1958 1182   2074    825    572    159    223     65     36     60     81    325    421
 1959 1368    975    355     64     83     14      2     25    238     70     27    324
 1960  714   1252    914    265    453      1      8      2      7    146    986    739
 1961  529    824    962    277    292     57      6     57     81    262    784    565
 1962  327   1034    642    162    141     11      7    123    103   1136    573    620
 1963  405    725    773   1035    245     52      7      7     31    498   1139    274
 1964 1091     89    408     63    151    131     32      7     14    205   1027   2396
 1965  995    165    155    703     35     65     17    122      3     65   1082    674
 1966 1182    443    525    186     44     39     18     37     95     47   1185    957
 1967 1303     93    861    614    111    110      4      7     41    306    404    683
 1968 1048    690    480     52    172     36      3    154     36    313    651   1493
 1969 1638    982    214    326     71    105     11      0     45    369    233   1608
 1970 2174    400    351    145     92     85      2      0      8    342   1555   1359
 1971  836    192   1076    307    175     88     19     44    177    131    735    841
 1972  769    709    609    376    119     82      1     37    173    304    704    869
 1973 1199    726    524     96     64      8     11      5    243    567   1975   1084
 1974 1209    663   1179    427     31     41     44     28      0    192    278    773
 1975  593   1318   1505    325     65     40     26     54     13    736    423    428
 1976  196    800    272    316     21     25     36    164     66     54    212     75
 1977  302    338    392     68    286     50     12     47    329    209    787   1200
 1978 1429    835    683    623     98     55     14     67    293      3    250    181
 1979  794   1048    386    348    271     13     30     46     76    784    896    685
 1980  860   1038    477    376    119     86      3      1     29    194    242    848
 1981  881    528    552    159    182     36      6      2    163    581   1452   1538
 1982  709    779    948    729     14    155     18     16    106    621    982   1292
 1983 1082   1528   1709    558    123     34     51    146     92    177   1534   1645
 1984   93    663    505    363    164    101     12     41     52    432   1717    316
 1985   83    466    590     48     73     57     27     26    181    360    508    454
 1986  972   1940    806    157    225     25      5      0    332    217    220    424
 1987  781    556    838     74    102     30     52      3      1     93    473   1423
 1988  900     43    109    317    226    205      4      6      9     52   1289    551
 1989  402    211   1364    256    172     59      3     36    241    513    212     61
 1990  920    474    333    137    712     46     33     84     52    172    179    238
 1991  235    426   1269    222    194     63     48     36      5    224    334    399
 1992  381    872    506    359     31    209     30      3     19    445    285   1344
 1993 1241    762    573    568    526    165     13     51     16    145    220    762
 1994  565    659    144    272    232     38      4      0     30     68    945    613
 1995 2362    218   1772    673    260    195     52      4     22     28    177   1719
 1996 1340   1057    489    553    418     35     24      4     92    331    679   2288
 1997 1302    254    312    320    117    148     26     99    149    382    891    515
 1998 1824   1890    898    349    533     96     16      1     40    240   1427    468
 1999  693   1497    701    251     83     13      2     47      3    246    737    282
 2000 1196   1221    330    372    222     55     19      6     61    403    259    274
 2001  507    653    380    231     65     97     29     10     79    152   1147   1325
 2002  695    503    364    216    111     21      6      1      9      3    567   2398
 2003  678    352    653   1034    137      5     17     60     38     17    597   1452
 2004  700   1202    266    202    110     18     10     24     26    571    237   1116
 2005  621    339    758    493    611    215      6      1     14    167    820   2159
 2006 1152    630   1129    636    140     52      3     12      7     56    807    994
 2007  187   1069    180    298     91     33     51      9     34    537    222    829
 2008 1390    500    242    142     86     13      2     15      8    184    482    658
 2009  173    824    545     96    354    125      5     26     23    373    364    498
 2010 1230    597    580    821    297    132      7     10     71    668    551   1291
 2011  244    518   1411    334    270    175     26      3     18    391    412    160
 2012  863    314   1299    423     62    103     27      4      1    267    953   1445
 2013  234    125    330    219    147     99     12     38    248      9    166     83
 2014  128    913    877    173     67     25     15     19    210    460    486   1320
 2015  150    817    230    222     98     34     61     25     65     75    326   1571
 2016 1487    301   1212    242    129     67     17      1      4   1131    621    885
 2017 1581   1586    687    630     73     75      5     27     56    118    781    118
 2018  760    146    797    548    127     30     12      1     26    118    528    525
 2019  945   1721    684    355    401      6      1     49    156     92    194    901
 2020  766     48    274    170    370     44     16     29     22     28    336    476
 2021  781    484    374     70     20     58     10      3    125    760    349    947
 2022  200     40    188    484    143    127     32     10    136     19    434   1217
 2023 1317    508   1207    206    187     40      2     42    141    155    347    934
 2024 1335   1109    854    187    183     26      1     83     26    125   1290   1259
 2025  290   1119    837    173     67   9999   9999   9999   9999   9999   9999   9999
