Year  Jan.   Feb.   Mar.   Apr.   May    Jun.   Jul.   Aug.   Sep.   Oct.   Nov.   Dec. 
 1895  379    430    436    483    535    612    650    656    584    558    436    371
 1896  420    436    451    425    498    607    692    660    606    547    420    428
 1897  396    398    384    506    579    591    656    670    603    530    431    399
 1898  355    428    418    500    517    601    660    671    609    529    441    382
 1899  410    402    428    473    490    595    657    615    637    503    474    398
 1900  431    424    481    464    536    612    661    631    591    508    463    413
 1901  369    401    452    452    528    578    646    668    590    561    468    402
 1902  379    434    417    462    513    601    647    658    627    529    433    394
 1903  388    361    419    455    544    616    635    654    618    565    460    401
 1904  386    385    407    481    569    612    657    667    628    539    473    398
 1905  418    435    466    498    498    592    681    664    619    528    435    380
 1906  403    439    426    497    521    569    707    673    620    546    446    409
 1907  372    469    410    500    535    583    660    650    602    566    458    415
 1908  416    403    440    500    492    582    701    664    623    518    467    373
 1909  409    400    427    500    525    605    642    662    631    536    442    369
 1910  354    383    482    515    572    588    683    662    604    556    447    420
 1911  377    365    466    466    503    596    688    649    576    522    442    375
 1912  409    436    419    452    535    595    642    641    602    494    451    389
 1913  348    389    419    468    547    584    664    687    635    550    450    391
 1914  411    415    488    491    562    590    665    674    590    534    452    356
 1915  385    410    469    504    507    593    656    682    600    541    428    397
 1916  334    445    456    496    502    585    640    654    615    504    409    355
 1917  337    386    384    458    498    592    684    669    623    569    466    432
 1918  418    399    438    484    517    651    643    651    622    553    432    368
 1919  391    385    424    494    549    587    667    663    603    498    426    368
 1920  415    411    413    456    527    597    640    677    604    502    436    390
 1921  384    420    460    470    513    607    664    648    600    556    461    399
 1922  347    372    400    452    535    618    685    645    637    522    414    387
 1923  379    401    447    472    531    561    652    658    631    522    472    371
 1924  374    449    421    502    579    609    657    654    608    504    439    355
 1925  411    420    447    483    540    603    679    639    577    519    433    405
 1926  384    435    494    528    550    643    679    658    587    548    488    387
 1927  410    410    430    466    512    599    662    647    592    537    463    375
 1928  402    424    469    466    574    596    665    657    618    529    439    372
 1929  359    384    439    436    535    590    653    662    602    553    446    442
 1930  352    441    464    493    502    597    659    656    599    531    448    380
 1931  399    434    460    499    584    594    692    667    600    531    411    368
 1932  361    385    460    459    530    620    647    656    651    542    479    345
 1933  350    361    431    478    483    590    681    673    593    573    464    407
 1934  436    451    519    531    567    598    656    677    628    543    468    410
 1935  376    422    406    480    542    616    647    665    637    527    427    402
 1936  417    418    454    504    562    607    670    673    626    560    442    390
 1937  296    375    441    461    553    608    681    659    626    557    468    424
 1938  410    397    413    483    548    623    683    652    637    532    421    413
 1939  392    382    458    524    555    598    675    675    634    546    455    432
 1940  424    437    467    499    568    639    656    675    614    552    439    420
 1941  419    448    474    476    550    584    684    650    600    525    475    411
 1942  397    403    429    470    508    589    677    669    621    551    450    413
 1943  387    433    459    495    537    568    664    644    661    536    464    410
 1944  390    403    442    458    536    575    656    652    635    562    435    417
 1945  406    427    412    478    532    601    680    658    627    561    442    406
 1946  384    388    432    489    544    580    670    666    612    507    429    410
 1947  369    448    468    508    576    594    645    647    634    542    435    399
 1948  409    387    408    431    507    602    646    643    609    538    430    348
 1949  306    368    426    511    549    611    659    648    636    515    490    378
 1950  330    409    425    481    536    592    680    680    627    549    484    445
 1951  388    412    423    500    544    617    662    665    642    534    452    378
 1952  356    402    403    493    550    574    691    661    653    578    422    389
 1953  434    426    428    466    500    562    669    653    659    535    472    411
 1954  395    436    422    501    560    579    662    633    606    532    465    385
 1955  361    388    426    429    533    602    638    668    619    549    433    417
 1956  406    370    432    486    546    595    676    651    625    525    446    386
 1957  343    425    443    484    544    625    657    644    645    522    434    408
 1958  408    454    410    475    575    615    688    699    641    574    466    450
 1959  419    402    457    514    523    616    694    667    616    566    455    388
 1960  386    414    464    474    520    641    692    659    635    547    441    405
 1961  415    436    428    486    517    641    680    688    609    541    433    390
 1962  370    402    418    510    516    602    662    657    636    539    467    421
 1963  371    483    426    435    548    593    639    654    651    551    448    406
 1964  380    407    415    464    514    586    665    663    612    572    427    417
 1965  397    419    451    480    524    586    661    664    602    573    466    373
 1966  387    393    439    513    564    598    643    677    637    549    461    411
 1967  398    426    413    401    545    606    683    701    662    552    480    356
 1968  374    461    458    481    531    615    681    647    636    537    447    372
 1969  365    379    431    468    572    612    672    666    642    517    461    426
 1970  424    446    451    440    554    623    681    666    615    527    468    380
 1971  392    410    415    453    522    582    669    686    616    508    436    357
 1972  369    420    477    462    549    616    682    674    601    535    438    345
 1973  378    432    417    491    570    623    675    657    626    529    439    425
 1974  381    397    440    462    529    619    660    673    656    550    449    399
 1975  382    396    415    421    544    600    659    648    647    521    424    412
 1976  400    409    418    449    549    588    671    636    635    557    488    394
 1977  370    442    412    498    487    635    664    686    616    544    446    428
 1978  437    437    489    462    537    607    671    667    604    574    424    360
 1979  378    404    458    472    557    608    672    654    658    565    439    416
 1980  410    453    432    488    527    570    673    652    628    561    458    421
 1981  433    436    446    494    542    625    667    680    635    520    472    436
 1982  364    418    420    451    546    599    651    665    610    536    427    393
 1983  411    435    443    449    548    597    640    672    636    561    444    413
 1984  415    419    470    460    550    592    690    672    637    513    429    375
 1985  392    419    415    516    535    638    694    653    592    534    398    394
 1986  447    453    488    484    541    637    656    691    583    553    464    410
 1987  391    428    444    525    574    632    638    678    631    591    461    392
 1988  393    446    463    498    522    597    696    680    637    589    450    393
 1989  379    368    444    525    536    615    649    652    618    533    464    410
 1990  399    382    461    528    524    601    688    671    644    549    441    339
 1991  403    470    410    464    510    578    688    666    670    586    468    401
 1992  407    456    482    520    608    627    673    688    637    572    453    374
 1993  373    398    480    475    545    596    635    658    633    565    435    395
 1994  421    402    475    499    553    602    689    664    644    535    383    380
 1995  429    475    437    468    540    590    664    656    646    557    502    435
 1996  413    446    468    495    536    611    703    686    616    542    467    422
 1997  409    426    470    489    594    599    671    671    635    531    472    399
 1998  424    406    449    472    492    598    684    695    651    526    438    374
 1999  405    388    416    471    526    595    652    659    647    568    480    410
 2000  409    435    450    512    545    639    654    672    630    536    424    420
 2001  398    400    478    460    604    608    669    682    640    572    460    404
 2002  390    442    437    500    538    622    696    673    643    547    477    417
 2003  462    424    465    439    542    639    704    675    659    582    426    409
 2004  405    418    506    514    553    623    690    687    628    537    448    419
 2005  407    444    477    474    546    577    698    688    608    540    454    419
 2006  411    428    396    478    565    643    707    665    632    540    452    407
 2007  384    417    487    494    565    611    688    677    615    518    470    378
 2008  373    415    434    464    556    611    680    682    654    554    485    380
 2009  427    414    438    485    574    612    692    676    660    531    447    382
 2010  431    438    442    451    495    600    682    663    635    554    438    418
 2011  425    399    428    457    505    588    659    673    661    552    439    396
 2012  413    421    421    490    552    591    668    698    659    566    475    388
 2013  389    418    472    514    564    634    709    676    623    532    475    391
 2014  449    442    479    516    574    632    717    691    658    580    482    444
 2015  462    484    513    503    561    675    698    687    638    603    437    394
 2016  417    471    467    532    571    638    678    694    633    528    479    379
 2017  379    424    471    477    572    637    704    717    648    553    460    416
 2018  439    419    438    494    573    626    711    682    629    560    477    408
 2019  435    367    443    521    548    637    674    698    617    529    488    418
 2020  416    452    439    521    563    628    690    713    675    606    453    417
 2021  418    420    435    519    574    664    725    695    648    530    479    392
 2022  434    440    479    474    538    630    700    714    667    580    419    392
 2023  406    393    387    483    566    621    704    702    620    562    473    443
 2024  435    426    441    497    562    647    740    680    659    582    434    437
